{"metadata":{"language_info":{"name":"python","version":"3.7.12","mimetype":"text/x-python","codemirror_mode":{"name":"ipython","version":3},"pygments_lexer":"ipython3","nbconvert_exporter":"python","file_extension":".py"},"kernelspec":{"name":"python3","display_name":"Python 3 (ipykernel)","language":"python"}},"nbformat_minor":5,"nbformat":4,"cells":[{"cell_type":"code","source":"import pandas as pd","metadata":{"trusted":true},"execution_count":1,"outputs":[],"id":"593b29cc-49a9-4baf-844a-93d58d862187"},{"cell_type":"code","source":"df = pd.read_csv('datasets/antropometria-dataset.csv')","metadata":{"trusted":true},"execution_count":2,"outputs":[],"id":"38e4f898-30fe-4b04-a0e2-9a70dfe8514b"},{"cell_type":"code","source":"import matplotlib.pyplot as plt\nimport seaborn as sns\nimport statsmodels.api as sm\nimport numpy as np\nfrom sklearn import linear_model","metadata":{"trusted":true},"execution_count":3,"outputs":[],"id":"da284652-a532-43fa-a9a6-5b05c796e404"},{"cell_type":"code","source":"#pip install statsmodels","metadata":{"trusted":true},"execution_count":4,"outputs":[],"id":"c3d32770-b1ff-4666-9fbd-2d817f24b23c"},{"cell_type":"code","source":"#pip install seaborn","metadata":{"trusted":true},"execution_count":5,"outputs":[],"id":"7b531225-fb11-4bca-91ca-ac9b070d6cf6"},{"cell_type":"code","source":"#pip install sklearn","metadata":{"trusted":true},"execution_count":6,"outputs":[],"id":"f7432db8-1640-4fe4-a173-a60c687aabf4"},{"cell_type":"code","source":"df.corr()","metadata":{"trusted":true},"execution_count":7,"outputs":[{"execution_count":7,"output_type":"execute_result","data":{"text/plain":"                folio      intp   entidad      sexo      edad     meses  \\\nfolio        1.000000 -0.017127  0.999979  0.010344  0.026894  0.014225   \nintp        -0.017127  1.000000 -0.017200  0.046257 -0.636936 -0.006015   \nentidad      0.999979 -0.017200  1.000000  0.010380  0.027015  0.014288   \nsexo         0.010344  0.046257  0.010380  1.000000  0.039906 -0.000934   \nedad         0.026894 -0.636936  0.027015  0.039906  1.000000  0.003416   \nmeses        0.014225 -0.006015  0.014288 -0.000934  0.003416  1.000000   \npeso        -0.044368 -0.374168 -0.044406 -0.124461  0.317050 -0.004255   \nropa         0.011953 -0.007191  0.011915 -0.001227  0.018021  0.003584   \ntalla       -0.071853 -0.144495 -0.071862 -0.463303  0.021070  0.008326   \ncintura     -0.026543 -0.421887 -0.026583  0.014791  0.478879  0.000214   \ncadera      -0.032166 -0.321075 -0.032198  0.169966  0.340062  0.000300   \nsistol       0.003985 -0.340492  0.004068 -0.083550  0.535218  0.009473   \ndiastol     -0.018598 -0.278265 -0.018564 -0.057971  0.345657 -0.004480   \nPrimaryLast       NaN       NaN       NaN       NaN       NaN       NaN   \nest_dis     -0.094484 -0.006402 -0.094805  0.002736 -0.035563  0.001648   \nest_urb     -0.107161 -0.000918 -0.107293  0.007622 -0.019963  0.000554   \nest_marg     0.002257  0.016604  0.001842 -0.014616 -0.027559 -0.001311   \npondef       0.010347  0.042477  0.010179 -0.041621  0.037230  0.015791   \nest_var      0.999845 -0.017334  0.999861  0.010459  0.026532  0.014309   \n\n                 peso      ropa     talla   cintura    cadera    sistol  \\\nfolio       -0.044368  0.011953 -0.071853 -0.026543 -0.032166  0.003985   \nintp        -0.374168 -0.007191 -0.144495 -0.421887 -0.321075 -0.340492   \nentidad     -0.044406  0.011915 -0.071862 -0.026583 -0.032198  0.004068   \nsexo        -0.124461 -0.001227 -0.463303  0.014791  0.169966 -0.083550   \nedad         0.317050  0.018021  0.021070  0.478879  0.340062  0.535218   \nmeses       -0.004255  0.003584  0.008326  0.000214  0.000300  0.009473   \npeso         1.000000  0.006378  0.556587  0.791677  0.777061  0.353440   \nropa         0.006378  1.000000 -0.005135  0.007701  0.003628  0.055130   \ntalla        0.556587 -0.005135  1.000000  0.245208  0.273173  0.142837   \ncintura      0.791677  0.007701  0.245208  1.000000  0.863396  0.403265   \ncadera       0.777061  0.003628  0.273173  0.863396  1.000000  0.307012   \nsistol       0.353440  0.055130  0.142837  0.403265  0.307012  1.000000   \ndiastol      0.358054 -0.012078  0.152398  0.362961  0.296613  0.663961   \nPrimaryLast       NaN       NaN       NaN       NaN       NaN       NaN   \nest_dis      0.087096 -0.024589  0.085241  0.049018  0.072143 -0.013664   \nest_urb      0.112852 -0.037460  0.109504  0.071307  0.103383 -0.012750   \nest_marg    -0.106389  0.015826 -0.096508 -0.067250 -0.099546 -0.014379   \npondef       0.085659 -0.050711  0.097229  0.062563  0.065710  0.014744   \nest_var     -0.042902  0.011431 -0.070432 -0.025732 -0.030944  0.003898   \n\n              diastol  PrimaryLast   est_dis   est_urb  est_marg    pondef  \\\nfolio       -0.018598          NaN -0.094484 -0.107161  0.002257  0.010347   \nintp        -0.278265          NaN -0.006402 -0.000918  0.016604  0.042477   \nentidad     -0.018564          NaN -0.094805 -0.107293  0.001842  0.010179   \nsexo        -0.057971          NaN  0.002736  0.007622 -0.014616 -0.041621   \nedad         0.345657          NaN -0.035563 -0.019963 -0.027559  0.037230   \nmeses       -0.004480          NaN  0.001648  0.000554 -0.001311  0.015791   \npeso         0.358054          NaN  0.087096  0.112852 -0.106389  0.085659   \nropa        -0.012078          NaN -0.024589 -0.037460  0.015826 -0.050711   \ntalla        0.152398          NaN  0.085241  0.109504 -0.096508  0.097229   \ncintura      0.362961          NaN  0.049018  0.071307 -0.067250  0.062563   \ncadera       0.296613          NaN  0.072143  0.103383 -0.099546  0.065710   \nsistol       0.663961          NaN -0.013664 -0.012750 -0.014379  0.014744   \ndiastol      1.000000          NaN  0.020553  0.028117 -0.021853  0.034317   \nPrimaryLast       NaN          NaN       NaN       NaN       NaN       NaN   \nest_dis      0.020553          NaN  1.000000  0.865379 -0.231419  0.127373   \nest_urb      0.028117          NaN  0.865379  1.000000 -0.466739  0.247599   \nest_marg    -0.021853          NaN -0.231419 -0.466739  1.000000 -0.291340   \npondef       0.034317          NaN  0.127373  0.247599 -0.291340  1.000000   \nest_var     -0.018166          NaN -0.078457 -0.092228 -0.002377  0.012575   \n\n              est_var  \nfolio        0.999845  \nintp        -0.017334  \nentidad      0.999861  \nsexo         0.010459  \nedad         0.026532  \nmeses        0.014309  \npeso        -0.042902  \nropa         0.011431  \ntalla       -0.070432  \ncintura     -0.025732  \ncadera      -0.030944  \nsistol       0.003898  \ndiastol     -0.018166  \nPrimaryLast       NaN  \nest_dis     -0.078457  \nest_urb     -0.092228  \nest_marg    -0.002377  \npondef       0.012575  \nest_var      1.000000  ","text/html":"<div>\n<style scoped>\n    .dataframe tbody tr th:only-of-type {\n        vertical-align: middle;\n    }\n\n    .dataframe tbody tr th {\n        vertical-align: top;\n    }\n\n    .dataframe thead th {\n        text-align: right;\n    }\n</style>\n<table border=\"1\" class=\"dataframe\">\n  <thead>\n    <tr style=\"text-align: right;\">\n      <th></th>\n      <th>folio</th>\n      <th>intp</th>\n      <th>entidad</th>\n      <th>sexo</th>\n      <th>edad</th>\n      <th>meses</th>\n      <th>peso</th>\n      <th>ropa</th>\n      <th>talla</th>\n      <th>cintura</th>\n      <th>cadera</th>\n      <th>sistol</th>\n      <th>diastol</th>\n      <th>PrimaryLast</th>\n      <th>est_dis</th>\n      <th>est_urb</th>\n      <th>est_marg</th>\n      <th>pondef</th>\n      <th>est_var</th>\n    </tr>\n  </thead>\n  <tbody>\n    <tr>\n      <th>folio</th>\n      <td>1.000000</td>\n      <td>-0.017127</td>\n      <td>0.999979</td>\n      <td>0.010344</td>\n      <td>0.026894</td>\n      <td>0.014225</td>\n      <td>-0.044368</td>\n      <td>0.011953</td>\n      <td>-0.071853</td>\n      <td>-0.026543</td>\n      <td>-0.032166</td>\n      <td>0.003985</td>\n      <td>-0.018598</td>\n      <td>NaN</td>\n      <td>-0.094484</td>\n      <td>-0.107161</td>\n      <td>0.002257</td>\n      <td>0.010347</td>\n      <td>0.999845</td>\n    </tr>\n    <tr>\n      <th>intp</th>\n      <td>-0.017127</td>\n      <td>1.000000</td>\n      <td>-0.017200</td>\n      <td>0.046257</td>\n      <td>-0.636936</td>\n      <td>-0.006015</td>\n      <td>-0.374168</td>\n      <td>-0.007191</td>\n      <td>-0.144495</td>\n      <td>-0.421887</td>\n      <td>-0.321075</td>\n      <td>-0.340492</td>\n      <td>-0.278265</td>\n      <td>NaN</td>\n      <td>-0.006402</td>\n      <td>-0.000918</td>\n      <td>0.016604</td>\n      <td>0.042477</td>\n      <td>-0.017334</td>\n    </tr>\n    <tr>\n      <th>entidad</th>\n      <td>0.999979</td>\n      <td>-0.017200</td>\n      <td>1.000000</td>\n      <td>0.010380</td>\n      <td>0.027015</td>\n      <td>0.014288</td>\n      <td>-0.044406</td>\n      <td>0.011915</td>\n      <td>-0.071862</td>\n      <td>-0.026583</td>\n      <td>-0.032198</td>\n      <td>0.004068</td>\n      <td>-0.018564</td>\n      <td>NaN</td>\n      <td>-0.094805</td>\n      <td>-0.107293</td>\n      <td>0.001842</td>\n      <td>0.010179</td>\n      <td>0.999861</td>\n    </tr>\n    <tr>\n      <th>sexo</th>\n      <td>0.010344</td>\n      <td>0.046257</td>\n      <td>0.010380</td>\n      <td>1.000000</td>\n      <td>0.039906</td>\n      <td>-0.000934</td>\n      <td>-0.124461</td>\n      <td>-0.001227</td>\n      <td>-0.463303</td>\n      <td>0.014791</td>\n      <td>0.169966</td>\n      <td>-0.083550</td>\n      <td>-0.057971</td>\n      <td>NaN</td>\n      <td>0.002736</td>\n      <td>0.007622</td>\n      <td>-0.014616</td>\n      <td>-0.041621</td>\n      <td>0.010459</td>\n    </tr>\n    <tr>\n      <th>edad</th>\n      <td>0.026894</td>\n      <td>-0.636936</td>\n      <td>0.027015</td>\n      <td>0.039906</td>\n      <td>1.000000</td>\n      <td>0.003416</td>\n      <td>0.317050</td>\n      <td>0.018021</td>\n      <td>0.021070</td>\n      <td>0.478879</td>\n      <td>0.340062</td>\n      <td>0.535218</td>\n      <td>0.345657</td>\n      <td>NaN</td>\n      <td>-0.035563</td>\n      <td>-0.019963</td>\n      <td>-0.027559</td>\n      <td>0.037230</td>\n      <td>0.026532</td>\n    </tr>\n    <tr>\n      <th>meses</th>\n      <td>0.014225</td>\n      <td>-0.006015</td>\n      <td>0.014288</td>\n      <td>-0.000934</td>\n      <td>0.003416</td>\n      <td>1.000000</td>\n      <td>-0.004255</td>\n      <td>0.003584</td>\n      <td>0.008326</td>\n      <td>0.000214</td>\n      <td>0.000300</td>\n      <td>0.009473</td>\n      <td>-0.004480</td>\n      <td>NaN</td>\n      <td>0.001648</td>\n      <td>0.000554</td>\n      <td>-0.001311</td>\n      <td>0.015791</td>\n      <td>0.014309</td>\n    </tr>\n    <tr>\n      <th>peso</th>\n      <td>-0.044368</td>\n      <td>-0.374168</td>\n      <td>-0.044406</td>\n      <td>-0.124461</td>\n      <td>0.317050</td>\n      <td>-0.004255</td>\n      <td>1.000000</td>\n      <td>0.006378</td>\n      <td>0.556587</td>\n      <td>0.791677</td>\n      <td>0.777061</td>\n      <td>0.353440</td>\n      <td>0.358054</td>\n      <td>NaN</td>\n      <td>0.087096</td>\n      <td>0.112852</td>\n      <td>-0.106389</td>\n      <td>0.085659</td>\n      <td>-0.042902</td>\n    </tr>\n    <tr>\n      <th>ropa</th>\n      <td>0.011953</td>\n      <td>-0.007191</td>\n      <td>0.011915</td>\n      <td>-0.001227</td>\n      <td>0.018021</td>\n      <td>0.003584</td>\n      <td>0.006378</td>\n      <td>1.000000</td>\n      <td>-0.005135</td>\n      <td>0.007701</td>\n      <td>0.003628</td>\n      <td>0.055130</td>\n      <td>-0.012078</td>\n      <td>NaN</td>\n      <td>-0.024589</td>\n      <td>-0.037460</td>\n      <td>0.015826</td>\n      <td>-0.050711</td>\n      <td>0.011431</td>\n    </tr>\n    <tr>\n      <th>talla</th>\n      <td>-0.071853</td>\n      <td>-0.144495</td>\n      <td>-0.071862</td>\n      <td>-0.463303</td>\n      <td>0.021070</td>\n      <td>0.008326</td>\n      <td>0.556587</td>\n      <td>-0.005135</td>\n      <td>1.000000</td>\n      <td>0.245208</td>\n      <td>0.273173</td>\n      <td>0.142837</td>\n      <td>0.152398</td>\n      <td>NaN</td>\n      <td>0.085241</td>\n      <td>0.109504</td>\n      <td>-0.096508</td>\n      <td>0.097229</td>\n      <td>-0.070432</td>\n    </tr>\n    <tr>\n      <th>cintura</th>\n      <td>-0.026543</td>\n      <td>-0.421887</td>\n      <td>-0.026583</td>\n      <td>0.014791</td>\n      <td>0.478879</td>\n      <td>0.000214</td>\n      <td>0.791677</td>\n      <td>0.007701</td>\n      <td>0.245208</td>\n      <td>1.000000</td>\n      <td>0.863396</td>\n      <td>0.403265</td>\n      <td>0.362961</td>\n      <td>NaN</td>\n      <td>0.049018</td>\n      <td>0.071307</td>\n      <td>-0.067250</td>\n      <td>0.062563</td>\n      <td>-0.025732</td>\n    </tr>\n    <tr>\n      <th>cadera</th>\n      <td>-0.032166</td>\n      <td>-0.321075</td>\n      <td>-0.032198</td>\n      <td>0.169966</td>\n      <td>0.340062</td>\n      <td>0.000300</td>\n      <td>0.777061</td>\n      <td>0.003628</td>\n      <td>0.273173</td>\n      <td>0.863396</td>\n      <td>1.000000</td>\n      <td>0.307012</td>\n      <td>0.296613</td>\n      <td>NaN</td>\n      <td>0.072143</td>\n      <td>0.103383</td>\n      <td>-0.099546</td>\n      <td>0.065710</td>\n      <td>-0.030944</td>\n    </tr>\n    <tr>\n      <th>sistol</th>\n      <td>0.003985</td>\n      <td>-0.340492</td>\n      <td>0.004068</td>\n      <td>-0.083550</td>\n      <td>0.535218</td>\n      <td>0.009473</td>\n      <td>0.353440</td>\n      <td>0.055130</td>\n      <td>0.142837</td>\n      <td>0.403265</td>\n      <td>0.307012</td>\n      <td>1.000000</td>\n      <td>0.663961</td>\n      <td>NaN</td>\n      <td>-0.013664</td>\n      <td>-0.012750</td>\n      <td>-0.014379</td>\n      <td>0.014744</td>\n      <td>0.003898</td>\n    </tr>\n    <tr>\n      <th>diastol</th>\n      <td>-0.018598</td>\n      <td>-0.278265</td>\n      <td>-0.018564</td>\n      <td>-0.057971</td>\n      <td>0.345657</td>\n      <td>-0.004480</td>\n      <td>0.358054</td>\n      <td>-0.012078</td>\n      <td>0.152398</td>\n      <td>0.362961</td>\n      <td>0.296613</td>\n      <td>0.663961</td>\n      <td>1.000000</td>\n      <td>NaN</td>\n      <td>0.020553</td>\n      <td>0.028117</td>\n      <td>-0.021853</td>\n      <td>0.034317</td>\n      <td>-0.018166</td>\n    </tr>\n    <tr>\n      <th>PrimaryLast</th>\n      <td>NaN</td>\n      <td>NaN</td>\n      <td>NaN</td>\n      <td>NaN</td>\n      <td>NaN</td>\n      <td>NaN</td>\n      <td>NaN</td>\n      <td>NaN</td>\n      <td>NaN</td>\n      <td>NaN</td>\n      <td>NaN</td>\n      <td>NaN</td>\n      <td>NaN</td>\n      <td>NaN</td>\n      <td>NaN</td>\n      <td>NaN</td>\n      <td>NaN</td>\n      <td>NaN</td>\n      <td>NaN</td>\n    </tr>\n    <tr>\n      <th>est_dis</th>\n      <td>-0.094484</td>\n      <td>-0.006402</td>\n      <td>-0.094805</td>\n      <td>0.002736</td>\n      <td>-0.035563</td>\n      <td>0.001648</td>\n      <td>0.087096</td>\n      <td>-0.024589</td>\n      <td>0.085241</td>\n      <td>0.049018</td>\n      <td>0.072143</td>\n      <td>-0.013664</td>\n      <td>0.020553</td>\n      <td>NaN</td>\n      <td>1.000000</td>\n      <td>0.865379</td>\n      <td>-0.231419</td>\n      <td>0.127373</td>\n      <td>-0.078457</td>\n    </tr>\n    <tr>\n      <th>est_urb</th>\n      <td>-0.107161</td>\n      <td>-0.000918</td>\n      <td>-0.107293</td>\n      <td>0.007622</td>\n      <td>-0.019963</td>\n      <td>0.000554</td>\n      <td>0.112852</td>\n      <td>-0.037460</td>\n      <td>0.109504</td>\n      <td>0.071307</td>\n      <td>0.103383</td>\n      <td>-0.012750</td>\n      <td>0.028117</td>\n      <td>NaN</td>\n      <td>0.865379</td>\n      <td>1.000000</td>\n      <td>-0.466739</td>\n      <td>0.247599</td>\n      <td>-0.092228</td>\n    </tr>\n    <tr>\n      <th>est_marg</th>\n      <td>0.002257</td>\n      <td>0.016604</td>\n      <td>0.001842</td>\n      <td>-0.014616</td>\n      <td>-0.027559</td>\n      <td>-0.001311</td>\n      <td>-0.106389</td>\n      <td>0.015826</td>\n      <td>-0.096508</td>\n      <td>-0.067250</td>\n      <td>-0.099546</td>\n      <td>-0.014379</td>\n      <td>-0.021853</td>\n      <td>NaN</td>\n      <td>-0.231419</td>\n      <td>-0.466739</td>\n      <td>1.000000</td>\n      <td>-0.291340</td>\n      <td>-0.002377</td>\n    </tr>\n    <tr>\n      <th>pondef</th>\n      <td>0.010347</td>\n      <td>0.042477</td>\n      <td>0.010179</td>\n      <td>-0.041621</td>\n      <td>0.037230</td>\n      <td>0.015791</td>\n      <td>0.085659</td>\n      <td>-0.050711</td>\n      <td>0.097229</td>\n      <td>0.062563</td>\n      <td>0.065710</td>\n      <td>0.014744</td>\n      <td>0.034317</td>\n      <td>NaN</td>\n      <td>0.127373</td>\n      <td>0.247599</td>\n      <td>-0.291340</td>\n      <td>1.000000</td>\n      <td>0.012575</td>\n    </tr>\n    <tr>\n      <th>est_var</th>\n      <td>0.999845</td>\n      <td>-0.017334</td>\n      <td>0.999861</td>\n      <td>0.010459</td>\n      <td>0.026532</td>\n      <td>0.014309</td>\n      <td>-0.042902</td>\n      <td>0.011431</td>\n      <td>-0.070432</td>\n      <td>-0.025732</td>\n      <td>-0.030944</td>\n      <td>0.003898</td>\n      <td>-0.018166</td>\n      <td>NaN</td>\n      <td>-0.078457</td>\n      <td>-0.092228</td>\n      <td>-0.002377</td>\n      <td>0.012575</td>\n      <td>1.000000</td>\n    </tr>\n  </tbody>\n</table>\n</div>"},"metadata":{}}],"id":"1eca5256-184e-4efa-9600-e25e8e8739f8"},{"cell_type":"code","source":"df.dropna(inplace=True)\ndf","metadata":{"trusted":true},"execution_count":8,"outputs":[{"execution_count":8,"output_type":"execute_result","data":{"text/plain":"        folio  intp  entidad                         desc_ent  sexo  edad  \\\n0      210295     2       21                           PUEBLA     2    38   \n1      101655     3       10                          DURANGO     2    11   \n2       10287     6        1                   AGUASCALIENTES     2    18   \n3       91526     4        9                 DISTRITO FEDERAL     1    10   \n4      210939     3       21                           PUEBLA     2    19   \n...       ...   ...      ...                              ...   ...   ...   \n18635  300116     2       30  VERACRUZ DE IGNACIO DE LA LLAVE     2    73   \n18636   40253     1        4                         CAMPECHE     2    75   \n18637  301099     1       30  VERACRUZ DE IGNACIO DE LA LLAVE     1    86   \n18638  250801     1       25                          SINALOA     2    72   \n18639   11786     2        1                   AGUASCALIENTES     2    71   \n\n       meses   peso  ropa   talla  ... hpresion tbrazo  htension  PrimaryLast  \\\n0          8  73.70     2  146.40  ...    16:30      2     16:35            1   \n1         11  35.65     2  145.10  ...    15:25      3     15:25            1   \n2          8  54.80     1  162.00  ...     9:40      1      9:40            1   \n3          8  33.40     2  146.50  ...     7:40      3      7:45            1   \n4          3  97.95     2  161.00  ...     6:00      2      6:00            1   \n...      ...    ...   ...     ...  ...      ...    ...       ...          ...   \n18635     11  75.80     1  141.15  ...    18:00      1     18:05            1   \n18636      0  69.40     1  144.80  ...    18:40      1     18:40            1   \n18637      7  46.75     2  149.20  ...     8:00      3     23:00            1   \n18638      7  59.05     2  142.50  ...     6:02      3      6:02            1   \n18639      8  80.00     2  150.65  ...    13:50      3     13:00            1   \n\n       code_upm  est_dis est_urb est_marg       pondef  est_var  \n0         R2101        5       3        1  3470.002176      215  \n1         M1041        1       1        1   417.946672      101  \n2         M0108        5       3        1   472.980811       15  \n3         M0931        4       3        2  1832.581391       94  \n4         M2123        5       3        1  7622.066564      215  \n...         ...      ...     ...      ...          ...      ...  \n18635     R3002        5       3        1  7615.607749      305  \n18636     M0408        5       3        1   195.314670       45  \n18637     M3024        2       1        2  1758.912979      302  \n18638     M2512        3       2        1  2354.581350      253  \n18639     M0143        2       1        2   591.847039       12  \n\n[18032 rows x 26 columns]","text/html":"<div>\n<style scoped>\n    .dataframe tbody tr th:only-of-type {\n        vertical-align: middle;\n    }\n\n    .dataframe tbody tr th {\n        vertical-align: top;\n    }\n\n    .dataframe thead th {\n        text-align: right;\n    }\n</style>\n<table border=\"1\" class=\"dataframe\">\n  <thead>\n    <tr style=\"text-align: right;\">\n      <th></th>\n      <th>folio</th>\n      <th>intp</th>\n      <th>entidad</th>\n      <th>desc_ent</th>\n      <th>sexo</th>\n      <th>edad</th>\n      <th>meses</th>\n      <th>peso</th>\n      <th>ropa</th>\n      <th>talla</th>\n      <th>...</th>\n      <th>hpresion</th>\n      <th>tbrazo</th>\n      <th>htension</th>\n      <th>PrimaryLast</th>\n      <th>code_upm</th>\n      <th>est_dis</th>\n      <th>est_urb</th>\n      <th>est_marg</th>\n      <th>pondef</th>\n      <th>est_var</th>\n    </tr>\n  </thead>\n  <tbody>\n    <tr>\n      <th>0</th>\n      <td>210295</td>\n      <td>2</td>\n      <td>21</td>\n      <td>PUEBLA</td>\n      <td>2</td>\n      <td>38</td>\n      <td>8</td>\n      <td>73.70</td>\n      <td>2</td>\n      <td>146.40</td>\n      <td>...</td>\n      <td>16:30</td>\n      <td>2</td>\n      <td>16:35</td>\n      <td>1</td>\n      <td>R2101</td>\n      <td>5</td>\n      <td>3</td>\n      <td>1</td>\n      <td>3470.002176</td>\n      <td>215</td>\n    </tr>\n    <tr>\n      <th>1</th>\n      <td>101655</td>\n      <td>3</td>\n      <td>10</td>\n      <td>DURANGO</td>\n      <td>2</td>\n      <td>11</td>\n      <td>11</td>\n      <td>35.65</td>\n      <td>2</td>\n      <td>145.10</td>\n      <td>...</td>\n      <td>15:25</td>\n      <td>3</td>\n      <td>15:25</td>\n      <td>1</td>\n      <td>M1041</td>\n      <td>1</td>\n      <td>1</td>\n      <td>1</td>\n      <td>417.946672</td>\n      <td>101</td>\n    </tr>\n    <tr>\n      <th>2</th>\n      <td>10287</td>\n      <td>6</td>\n      <td>1</td>\n      <td>AGUASCALIENTES</td>\n      <td>2</td>\n      <td>18</td>\n      <td>8</td>\n      <td>54.80</td>\n      <td>1</td>\n      <td>162.00</td>\n      <td>...</td>\n      <td>9:40</td>\n      <td>1</td>\n      <td>9:40</td>\n      <td>1</td>\n      <td>M0108</td>\n      <td>5</td>\n      <td>3</td>\n      <td>1</td>\n      <td>472.980811</td>\n      <td>15</td>\n    </tr>\n    <tr>\n      <th>3</th>\n      <td>91526</td>\n      <td>4</td>\n      <td>9</td>\n      <td>DISTRITO FEDERAL</td>\n      <td>1</td>\n      <td>10</td>\n      <td>8</td>\n      <td>33.40</td>\n      <td>2</td>\n      <td>146.50</td>\n      <td>...</td>\n      <td>7:40</td>\n      <td>3</td>\n      <td>7:45</td>\n      <td>1</td>\n      <td>M0931</td>\n      <td>4</td>\n      <td>3</td>\n      <td>2</td>\n      <td>1832.581391</td>\n      <td>94</td>\n    </tr>\n    <tr>\n      <th>4</th>\n      <td>210939</td>\n      <td>3</td>\n      <td>21</td>\n      <td>PUEBLA</td>\n      <td>2</td>\n      <td>19</td>\n      <td>3</td>\n      <td>97.95</td>\n      <td>2</td>\n      <td>161.00</td>\n      <td>...</td>\n      <td>6:00</td>\n      <td>2</td>\n      <td>6:00</td>\n      <td>1</td>\n      <td>M2123</td>\n      <td>5</td>\n      <td>3</td>\n      <td>1</td>\n      <td>7622.066564</td>\n      <td>215</td>\n    </tr>\n    <tr>\n      <th>...</th>\n      <td>...</td>\n      <td>...</td>\n      <td>...</td>\n      <td>...</td>\n      <td>...</td>\n      <td>...</td>\n      <td>...</td>\n      <td>...</td>\n      <td>...</td>\n      <td>...</td>\n      <td>...</td>\n      <td>...</td>\n      <td>...</td>\n      <td>...</td>\n      <td>...</td>\n      <td>...</td>\n      <td>...</td>\n      <td>...</td>\n      <td>...</td>\n      <td>...</td>\n      <td>...</td>\n    </tr>\n    <tr>\n      <th>18635</th>\n      <td>300116</td>\n      <td>2</td>\n      <td>30</td>\n      <td>VERACRUZ DE IGNACIO DE LA LLAVE</td>\n      <td>2</td>\n      <td>73</td>\n      <td>11</td>\n      <td>75.80</td>\n      <td>1</td>\n      <td>141.15</td>\n      <td>...</td>\n      <td>18:00</td>\n      <td>1</td>\n      <td>18:05</td>\n      <td>1</td>\n      <td>R3002</td>\n      <td>5</td>\n      <td>3</td>\n      <td>1</td>\n      <td>7615.607749</td>\n      <td>305</td>\n    </tr>\n    <tr>\n      <th>18636</th>\n      <td>40253</td>\n      <td>1</td>\n      <td>4</td>\n      <td>CAMPECHE</td>\n      <td>2</td>\n      <td>75</td>\n      <td>0</td>\n      <td>69.40</td>\n      <td>1</td>\n      <td>144.80</td>\n      <td>...</td>\n      <td>18:40</td>\n      <td>1</td>\n      <td>18:40</td>\n      <td>1</td>\n      <td>M0408</td>\n      <td>5</td>\n      <td>3</td>\n      <td>1</td>\n      <td>195.314670</td>\n      <td>45</td>\n    </tr>\n    <tr>\n      <th>18637</th>\n      <td>301099</td>\n      <td>1</td>\n      <td>30</td>\n      <td>VERACRUZ DE IGNACIO DE LA LLAVE</td>\n      <td>1</td>\n      <td>86</td>\n      <td>7</td>\n      <td>46.75</td>\n      <td>2</td>\n      <td>149.20</td>\n      <td>...</td>\n      <td>8:00</td>\n      <td>3</td>\n      <td>23:00</td>\n      <td>1</td>\n      <td>M3024</td>\n      <td>2</td>\n      <td>1</td>\n      <td>2</td>\n      <td>1758.912979</td>\n      <td>302</td>\n    </tr>\n    <tr>\n      <th>18638</th>\n      <td>250801</td>\n      <td>1</td>\n      <td>25</td>\n      <td>SINALOA</td>\n      <td>2</td>\n      <td>72</td>\n      <td>7</td>\n      <td>59.05</td>\n      <td>2</td>\n      <td>142.50</td>\n      <td>...</td>\n      <td>6:02</td>\n      <td>3</td>\n      <td>6:02</td>\n      <td>1</td>\n      <td>M2512</td>\n      <td>3</td>\n      <td>2</td>\n      <td>1</td>\n      <td>2354.581350</td>\n      <td>253</td>\n    </tr>\n    <tr>\n      <th>18639</th>\n      <td>11786</td>\n      <td>2</td>\n      <td>1</td>\n      <td>AGUASCALIENTES</td>\n      <td>2</td>\n      <td>71</td>\n      <td>8</td>\n      <td>80.00</td>\n      <td>2</td>\n      <td>150.65</td>\n      <td>...</td>\n      <td>13:50</td>\n      <td>3</td>\n      <td>13:00</td>\n      <td>1</td>\n      <td>M0143</td>\n      <td>2</td>\n      <td>1</td>\n      <td>2</td>\n      <td>591.847039</td>\n      <td>12</td>\n    </tr>\n  </tbody>\n</table>\n<p>18032 rows × 26 columns</p>\n</div>"},"metadata":{}}],"id":"30a6fd31-0b08-4d04-b30e-f120a05e1093"},{"cell_type":"code","source":"y = pd.DataFrame(df['cadera'])\nx = pd.DataFrame(df['peso'])","metadata":{"trusted":true},"execution_count":9,"outputs":[],"id":"a1d2094f-0ae0-49f3-b494-0cc460b172c2"},{"cell_type":"code","source":"%ls datasets","metadata":{"trusted":true},"execution_count":10,"outputs":[{"name":"stdout","text":"adult.csv                  census.csv     movies.csv\nairline_data.csv           coches.csv     nhanes_2015_2016.csv\nantropometria00.csv        cwurData.csv   pokemon.csv\nantropometria-dataset.csv  data.csv       reg_data.csv\nBook3.csv                  headbrain.csv  sample_pivot.csv\nCanada.xlsx                mic2.xlsx      tips.csv\nCartwheeldata.csv          mic.xlsx       weight-height.csv\n","output_type":"stream"}],"id":"1fafff2a-1e4d-46b7-b184-09dc48177a0b"},{"cell_type":"code","source":"lm = linear_model.LinearRegression()\nmodel_lm = lm.fit(x,y)\nmodel_lm","metadata":{"trusted":true},"execution_count":11,"outputs":[{"execution_count":11,"output_type":"execute_result","data":{"text/plain":"LinearRegression()"},"metadata":{}}],"id":"44943a55-5a40-497b-8c9e-7fabb0f3dc2e"},{"cell_type":"code","source":"print('The y intercept, b0 = ', model_lm.intercept_)\nprint('The coeff. of Age, b1 = ', model_lm.coef_)\nprint('The R^2 value is = ', model_lm.score(x,y))","metadata":{"trusted":true},"execution_count":null,"outputs":[],"id":"273b7d6f-2bac-465c-88a4-24f48fa022cc"},{"cell_type":"code","source":"modelA = sm.OLS.from_formula('diastol~sistol+edad+peso+cintura', data = df)\nresultA = modelA.fit()\nresultA.summary()","metadata":{"trusted":true},"execution_count":null,"outputs":[],"id":"c9230b60-3956-4777-a255-0bd92cc8d1af"},{"cell_type":"code","source":"","metadata":{},"execution_count":null,"outputs":[],"id":"1e09bf3d-f44d-4fc1-a487-f293ed37deaa"}]}